.	Basic Statistics	Per Base Sequence Quality	Per Tile Sequence Quality	Per Sequence Quality Scores	Per Base Sequence Content	Per Sequence GC Content	Per Base N Content	Sequence Length Distribution	Sequence Duplication Levels	Overrepresented Sequences	Adapter Content
504A0_S1_L001_R1_001	1	0.5	0.25	1	0.25	0.25	1	0.5	0.25	0.25	1
504A0_S1_L001_R2_001	1	0.25	0.5	1	0.25	0.25	1	0.5	0.25	0.25	1
504A14_S2_L001_R1_001	1	0.5	0.25	1	0.25	0.25	1	0.5	0.25	0.25	1
504A14_S2_L001_R2_001	1	0.25	0.5	1	0.25	0.25	1	0.5	0.25	0.25	1
504B0_S3_L001_R1_001	1	0.5	0.25	1	0.25	0.25	1	0.5	0.25	0.25	1
504B0_S3_L001_R2_001	1	0.25	0.5	1	0.25	0.25	1	0.5	0.25	0.25	1
504B14_S4_L001_R1_001	1	0.5	0.25	1	0.25	0.25	1	0.5	0.25	0.25	1
504B14_S4_L001_R2_001	1	0.25	0.5	1	0.25	0.25	1	0.5	0.25	0.25	1
508A0_S9_L001_R1_001	1	0.5	0.25	1	0.25	0.25	1	0.5	0.25	0.25	1
508A0_S9_L001_R2_001	1	0.25	0.5	1	0.25	0.25	1	0.5	0.25	0.25	1
508A14_S10_L001_R1_001	1	0.5	0.25	1	0.25	0.5	1	0.5	0.25	0.25	1
508A14_S10_L001_R2_001	1	0.25	0.5	1	0.25	0.25	1	0.5	0.25	0.25	1
508B0_S11_L001_R1_001	1	0.5	0.25	1	0.25	0.25	1	0.5	0.25	0.25	1
508B0_S11_L001_R2_001	1	0.25	0.5	1	0.25	0.25	1	0.5	0.25	0.25	1
508B14_S12_L001_R1_001	1	0.5	0.25	1	0.25	0.25	1	0.5	0.25	0.25	1
508B14_S12_L001_R2_001	1	0.25	0.5	1	0.25	0.25	1	0.5	0.25	0.25	1
519A0_S33_L001_R1_001	1	0.5	0.25	1	0.25	0.25	1	0.5	0.25	0.25	1
519A0_S33_L001_R2_001	1	0.25	0.5	1	0.25	0.25	1	0.5	0.25	0.25	1
519A14_S34_L001_R1_001	1	0.5	0.25	1	0.25	0.25	1	0.5	0.25	0.25	1
519A14_S34_L001_R2_001	1	0.25	0.5	1	0.25	0.25	1	0.5	0.25	0.25	1
519B0_S35_L001_R1_001	1	0.5	0.25	1	0.25	0.25	1	0.5	0.25	0.25	1
519B0_S35_L001_R2_001	1	0.25	0.5	1	0.25	0.25	1	0.5	0.25	0.25	1
519B14_S36_L001_R1_001	1	0.5	0.25	1	0.25	0.25	1	0.5	0.25	0.25	1
519B14_S36_L001_R2_001	1	0.25	0.5	1	0.25	0.25	1	0.5	0.25	0.25	1
521A0_S25_L001_R1_001	1	0.5	0.25	1	0.25	0.25	1	0.5	0.25	0.25	1
521A0_S25_L001_R2_001	1	0.25	0.5	1	0.25	0.25	1	0.5	0.25	0.25	1
521A14_S26_L001_R1_001	1	0.5	0.25	1	0.25	0.25	1	0.5	0.25	0.25	1
521A14_S26_L001_R2_001	1	0.25	0.5	1	0.25	0.25	1	0.5	0.25	0.25	1
521B0_S27_L001_R1_001	1	0.5	0.25	1	0.25	0.25	1	0.5	0.25	0.25	1
521B0_S27_L001_R2_001	1	0.25	0.5	1	0.25	0.25	1	0.5	0.25	0.25	1
521B14_S28_L001_R1_001	1	0.5	0.25	1	0.25	0.25	1	0.5	0.25	0.25	1
521B14_S28_L001_R2_001	1	0.25	0.5	1	0.25	0.25	1	0.5	0.25	0.25	1
523A0_S17_L001_R1_001	1	0.5	0.25	1	0.25	0.25	1	0.5	0.25	0.25	1
523A0_S17_L001_R2_001	1	0.25	0.5	1	0.25	0.25	1	0.5	0.25	0.25	1
523A14_S18_L001_R1_001	1	0.5	0.25	1	0.25	0.25	1	0.5	0.25	0.25	1
523A14_S18_L001_R2_001	1	0.25	0.5	1	0.25	0.25	1	0.5	0.25	0.25	1
523B0_S19_L001_R1_001	1	0.5	0.25	1	0.25	0.25	1	0.5	0.25	0.25	1
523B0_S19_L001_R2_001	1	0.25	0.5	1	0.25	0.25	1	0.5	0.25	0.25	1
523B14_S20_L001_R1_001	1	0.5	0.25	1	0.25	0.25	1	0.5	0.25	0.25	1
523B14_S20_L001_R2_001	1	0.25	0.5	1	0.25	0.25	1	0.5	0.25	0.25	1
528A0_S53_L001_R1_001	1	0.5	0.25	1	0.25	0.25	1	0.5	0.25	0.25	1
528A0_S53_L001_R2_001	1	0.25	0.5	1	0.25	0.25	1	0.5	0.25	0.25	1
528A14_S54_L001_R1_001	1	0.5	0.25	1	0.25	0.25	1	0.5	0.25	0.25	1
528A14_S54_L001_R2_001	1	0.25	0.5	1	0.25	0.25	1	0.5	0.25	0.25	1
528B0_S55_L001_R1_001	1	1	0.25	1	0.25	0.25	1	0.5	0.25	0.25	1
528B0_S55_L001_R2_001	1	0.25	0.5	1	0.25	0.25	1	0.5	0.25	0.25	1
528B14_S56_L001_R1_001	1	0.5	0.25	1	0.25	0.25	1	0.5	0.25	0.25	1
528B14_S56_L001_R2_001	1	0.25	0.5	1	0.25	0.25	1	0.5	0.25	0.25	1
532A0_S45_L001_R1_001	1	0.5	0.25	1	0.25	0.25	1	0.5	0.25	0.25	1
532A0_S45_L001_R2_001	1	0.25	0.5	1	0.25	0.25	1	0.5	0.25	0.25	1
532A14_S46_L001_R1_001	1	0.5	0.25	1	0.25	0.25	1	0.5	0.25	0.25	1
532A14_S46_L001_R2_001	1	0.25	0.5	1	0.25	0.25	1	0.5	0.25	0.25	1
532B0_S47_L001_R1_001	1	0.5	0.25	1	0.25	0.25	1	0.5	0.25	0.25	1
532B0_S47_L001_R2_001	1	0.25	0.5	1	0.25	0.25	1	0.5	0.25	0.25	1
532B14_S48_L001_R1_001	1	0.5	0.25	1	0.25	0.25	1	0.5	0.25	0.25	1
532B14_S48_L001_R2_001	1	0.25	0.5	1	0.25	0.25	1	0.5	0.25	0.25	1
550A0_S65_L001_R1_001	1	0.5	0.25	1	0.25	0.25	1	0.5	0.25	0.25	1
550A0_S65_L001_R2_001	1	0.25	0.5	1	0.25	0.25	1	0.5	0.25	0.25	1
550A14_S66_L001_R1_001	1	0.5	0.25	1	0.25	0.25	1	0.5	0.25	0.25	1
550A14_S66_L001_R2_001	1	0.25	0.5	1	0.25	0.25	1	0.5	0.25	0.25	1
550B0_S67_L001_R1_001	1	0.5	0.25	1	0.25	0.25	1	0.5	0.25	0.25	1
550B0_S67_L001_R2_001	1	0.25	0.5	1	0.25	0.25	1	0.5	0.25	0.25	1
550B14_S68_L001_R1_001	1	0.5	0.25	1	0.25	0.25	1	0.5	0.25	0.25	1
550B14_S68_L001_R2_001	1	0.25	0.5	1	0.25	0.5	1	0.5	0.25	0.25	1
551A0_S73_L001_R1_001	1	0.5	0.25	1	0.25	0.5	1	0.5	0.25	0.25	1
551A0_S73_L001_R2_001	1	0.25	0.5	1	0.25	0.25	1	0.5	0.25	0.25	1
551A14_S74_L001_R1_001	1	0.5	0.25	1	0.25	0.25	1	0.5	0.25	0.25	1
551A14_S74_L001_R2_001	1	0.25	0.5	1	0.25	0.25	1	0.5	0.25	0.25	1
551B0_S75_L001_R1_001	1	0.5	0.25	1	0.25	0.25	1	0.5	0.25	0.25	1
551B0_S75_L001_R2_001	1	0.25	0.5	1	0.25	0.25	1	0.5	0.25	0.25	1
551B14_S76_L001_R1_001	1	0.5	0.25	1	0.25	0.25	1	0.5	0.25	0.25	1
551B14_S76_L001_R2_001	1	0.25	0.5	1	0.25	0.25	1	0.5	0.25	0.25	1
554A0_S69_L001_R1_001	1	0.5	0.25	1	0.25	0.5	1	0.5	0.25	0.25	1
554A0_S69_L001_R2_001	1	0.25	0.5	1	0.25	0.25	1	0.5	0.25	0.25	1
554A14_S70_L001_R1_001	1	0.5	0.25	1	0.25	0.25	1	0.5	0.25	0.25	1
554A14_S70_L001_R2_001	1	0.25	0.5	1	0.25	0.25	1	0.5	0.25	0.25	1
554B0_S71_L001_R1_001	1	0.5	0.25	1	0.25	0.25	1	0.5	0.25	0.25	1
554B0_S71_L001_R2_001	1	0.25	0.5	1	0.25	0.25	1	0.5	0.25	0.25	1
554B14_S72_L001_R1_001	1	0.5	0.25	1	0.25	0.5	1	0.5	0.25	0.25	1
554B14_S72_L001_R2_001	1	0.25	0.5	1	0.25	0.25	1	0.5	0.25	0.25	1
574A0_S97_L001_R1_001	1	1	0.25	1	0.25	0.25	1	0.5	0.25	0.25	1
574A0_S97_L001_R2_001	1	0.25	0.5	1	0.25	0.25	1	0.5	0.25	0.25	1
574A14_S98_L001_R1_001	1	1	0.25	1	0.25	0.25	1	0.5	0.25	0.25	1
574A14_S98_L001_R2_001	1	0.25	0.5	1	0.25	0.25	1	0.5	0.25	0.25	1
574B0_S99_L001_R1_001	1	1	0.25	1	0.25	0.25	1	0.5	0.25	0.25	1
574B0_S99_L001_R2_001	1	0.25	0.5	1	0.25	0.25	1	0.5	0.25	0.25	1
574B14_S100_L001_R1_001	1	1	0.25	1	0.25	0.25	1	0.5	0.25	0.25	1
574B14_S100_L001_R2_001	1	0.25	0.5	1	0.25	0.25	1	0.5	0.25	0.25	1
576A0_S93_L001_R1_001	1	0.5	0.25	1	0.25	0.25	1	0.5	0.25	0.25	1
576A0_S93_L001_R2_001	1	0.25	0.5	1	0.25	0.25	1	0.5	0.25	0.25	1
576A14_S94_L001_R1_001	1	0.5	0.25	1	0.25	0.25	1	0.5	0.25	0.25	1
576A14_S94_L001_R2_001	1	0.25	0.5	1	0.25	0.25	1	0.5	0.25	0.25	1
576B0_S95_L001_R1_001	1	0.5	0.25	1	0.25	0.25	1	0.5	0.25	0.25	1
576B0_S95_L001_R2_001	1	0.25	0.5	1	0.25	0.25	1	0.5	0.25	0.25	1
576B14_S96_L001_R1_001	1	0.5	0.25	1	0.25	0.25	1	0.5	0.25	0.25	1
576B14_S96_L001_R2_001	1	0.25	0.5	1	0.25	0.25	1	0.5	0.25	0.25	1
578A0_S101_L001_R1_001	1	1	0.25	1	0.25	0.25	1	0.5	0.25	0.25	1
578A0_S101_L001_R2_001	1	0.25	0.5	1	0.25	0.25	1	0.5	0.25	0.25	1
578A14_S102_L001_R1_001	1	1	0.25	1	0.25	0.25	1	0.5	0.25	0.25	1
578A14_S102_L001_R2_001	1	0.25	0.5	1	0.25	0.25	1	0.5	0.25	0.25	1
578B0_S103_L001_R1_001	1	1	0.25	1	0.25	0.25	1	0.5	0.25	0.25	1
578B0_S103_L001_R2_001	1	0.25	0.5	1	0.25	0.25	1	0.5	0.25	0.25	1
578B14_S104_L001_R1_001	1	1	0.25	1	0.25	0.25	1	0.5	0.25	0.25	1
578B14_S104_L001_R2_001	1	0.25	0.5	1	0.25	0.25	1	0.5	0.25	0.25	1
583A0_S129_L001_R1_001	1	1	0.25	1	0.25	0.25	1	0.5	0.25	0.25	1
583A0_S129_L001_R2_001	1	0.25	0.5	1	0.25	0.25	1	0.5	0.25	0.25	1
583A14_S130_L001_R1_001	1	1	0.25	1	0.25	0.25	1	0.5	0.25	0.25	1
583A14_S130_L001_R2_001	1	0.25	0.5	1	0.25	0.25	1	0.5	0.25	0.25	1
583B0_S131_L001_R1_001	1	1	0.25	1	0.25	0.25	1	0.5	0.25	0.25	1
583B0_S131_L001_R2_001	1	0.25	0.5	1	0.25	0.25	1	0.5	0.25	0.25	1
583B14_S132_L001_R1_001	1	0.5	0.25	1	0.25	0.25	1	0.5	0.25	0.25	1
583B14_S132_L001_R2_001	1	0.25	0.5	1	0.25	0.25	1	0.5	0.25	0.25	1
586A0_S109_L001_R1_001	1	1	0.25	1	0.25	0.25	1	0.5	0.25	0.25	1
586A0_S109_L001_R2_001	1	0.25	0.5	1	0.25	0.25	1	0.5	0.25	0.25	1
586A14_S110_L001_R1_001	1	1	0.25	1	0.25	0.25	1	0.5	0.25	0.25	1
586A14_S110_L001_R2_001	1	0.25	0.5	1	0.25	0.25	1	0.5	0.25	0.25	1
586B0_S111_L001_R1_001	1	0.5	0.25	1	0.25	0.25	1	0.5	0.25	0.25	1
586B0_S111_L001_R2_001	1	0.25	0.5	1	0.25	0.25	1	0.5	0.25	0.25	1
586B14_S112_L001_R1_001	1	0.5	0.25	1	0.25	0.25	1	0.5	0.25	0.25	1
586B14_S112_L001_R2_001	1	0.25	0.5	1	0.25	0.25	1	0.5	0.25	0.25	1
597A0_S121_L001_R1_001	1	1	0.25	1	0.25	0.25	1	0.5	0.25	0.25	1
597A0_S121_L001_R2_001	1	0.25	0.5	1	0.25	0.25	1	0.5	0.25	0.25	1
597A14_S122_L001_R1_001	1	0.5	0.25	1	0.25	0.25	1	0.5	0.25	0.25	1
597A14_S122_L001_R2_001	1	0.25	0.5	1	0.25	0.25	1	0.5	0.25	0.25	1
597B0_S123_L001_R1_001	1	1	0.25	1	0.25	0.25	1	0.5	0.25	0.25	1
597B0_S123_L001_R2_001	1	0.25	0.5	1	0.25	0.25	1	0.5	0.25	0.25	1
597B14_S124_L001_R1_001	1	1	0.25	1	0.25	0.25	1	0.5	0.25	0.25	1
597B14_S124_L001_R2_001	1	0.25	0.5	1	0.25	0.25	1	0.5	0.25	0.25	1
603A0_S13_L001_R1_001	1	0.5	0.25	1	0.25	0.5	1	0.5	0.25	0.25	1
603A0_S13_L001_R2_001	1	0.25	0.5	1	0.25	0.25	1	0.5	0.25	0.25	1
603A14_S14_L001_R1_001	1	0.5	0.25	1	0.25	0.25	1	0.5	0.25	0.25	1
603A14_S14_L001_R2_001	1	0.25	0.5	1	0.25	0.25	1	0.5	0.25	0.25	1
603B0_S15_L001_R1_001	1	0.5	0.25	1	0.25	0.25	1	0.5	0.25	0.25	1
603B0_S15_L001_R2_001	1	0.25	0.5	1	0.25	0.25	1	0.5	0.25	0.25	1
603B14_S16_L001_R1_001	1	0.5	0.25	1	0.25	0.25	1	0.5	0.25	0.25	1
603B14_S16_L001_R2_001	1	0.25	0.5	1	0.25	0.25	1	0.5	0.25	0.25	1
607A0_S5_L001_R1_001	1	0.5	0.25	1	0.25	0.25	1	0.5	0.25	0.25	1
607A0_S5_L001_R2_001	1	0.25	0.5	1	0.25	0.25	1	0.5	0.25	0.25	1
607A14_S6_L001_R1_001	1	0.5	0.25	1	0.25	0.25	1	0.5	0.25	0.25	1
607A14_S6_L001_R2_001	1	0.25	0.5	1	0.25	0.25	1	0.5	0.25	0.25	1
607B0_S7_L001_R1_001	1	0.5	0.25	1	0.25	0.25	1	0.5	0.25	0.25	1
607B0_S7_L001_R2_001	1	0.25	0.5	1	0.25	0.25	1	0.5	0.25	0.25	1
607B14_S8_L001_R1_001	1	0.5	0.25	1	0.25	0.25	1	0.5	0.25	0.25	1
607B14_S8_L001_R2_001	1	0.25	0.5	1	0.25	0.25	1	0.5	0.25	0.25	1
610A0_S21_L001_R1_001	1	0.5	0.25	1	0.25	0.25	1	0.5	0.25	0.25	1
610A0_S21_L001_R2_001	1	0.25	0.5	1	0.25	0.25	1	0.5	0.25	0.25	1
610A14_S22_L001_R1_001	1	0.5	0.25	1	0.25	0.25	1	0.5	0.25	0.25	1
610A14_S22_L001_R2_001	1	0.25	0.5	1	0.25	0.25	1	0.5	0.25	0.25	1
610B0_S23_L001_R1_001	1	0.5	0.25	1	0.25	0.25	1	0.5	0.25	0.25	1
610B0_S23_L001_R2_001	1	0.25	0.5	1	0.25	0.25	1	0.5	0.25	0.25	1
610B14_S24_L001_R1_001	1	0.5	0.25	1	0.25	0.25	1	0.5	0.25	0.25	1
610B14_S24_L001_R2_001	1	0.25	0.5	1	0.25	0.25	1	0.5	0.25	0.25	1
612A0_S41_L001_R1_001	1	0.5	0.25	1	0.25	0.25	1	0.5	0.25	0.25	1
612A0_S41_L001_R2_001	1	0.25	0.5	1	0.25	0.25	1	0.5	0.25	0.25	1
612A14_S42_L001_R1_001	1	0.5	0.25	1	0.25	0.25	1	0.5	0.25	0.25	1
612A14_S42_L001_R2_001	1	0.25	0.5	1	0.25	0.25	1	0.5	0.25	0.25	1
612B0_S43_L001_R1_001	1	0.5	0.25	1	0.25	0.25	1	0.5	0.25	0.25	1
612B0_S43_L001_R2_001	1	0.25	0.5	1	0.25	0.25	1	0.5	0.25	0.25	1
612B14_S44_L001_R1_001	1	0.5	0.25	1	0.25	0.25	1	0.5	0.25	0.25	1
612B14_S44_L001_R2_001	1	0.25	0.5	1	0.25	0.25	1	0.5	0.25	0.25	1
613A0_S49_L001_R1_001	1	0.5	0.25	1	0.25	0.25	1	0.5	0.25	0.25	1
613A0_S49_L001_R2_001	1	0.25	0.5	1	0.25	0.25	1	0.5	0.25	0.25	1
613A14_S50_L001_R1_001	1	0.5	0.25	1	0.25	0.25	1	0.5	0.25	0.25	1
613A14_S50_L001_R2_001	1	0.25	0.5	1	0.25	0.25	1	0.5	0.25	0.25	1
613B0_S51_L001_R1_001	1	0.5	0.25	1	0.25	0.25	1	0.5	0.25	0.25	1
613B0_S51_L001_R2_001	1	0.25	0.5	1	0.25	0.25	1	0.5	0.25	0.25	1
613B14_S52_L001_R1_001	1	0.5	0.25	1	0.25	0.25	1	0.5	0.25	0.25	1
613B14_S52_L001_R2_001	1	0.25	0.5	1	0.25	0.25	1	0.5	0.25	0.25	1
615A0_S37_L001_R1_001	1	0.5	0.25	1	0.25	0.25	1	0.5	0.25	0.25	1
615A0_S37_L001_R2_001	1	0.25	0.5	1	0.25	0.25	1	0.5	0.25	0.25	1
615A14_S38_L001_R1_001	1	0.5	0.25	1	0.25	0.25	1	0.5	0.25	0.25	1
615A14_S38_L001_R2_001	1	0.25	0.5	1	0.25	0.25	1	0.5	0.25	0.25	1
615B0_S39_L001_R1_001	1	0.5	0.25	1	0.25	0.25	1	0.5	0.25	0.25	1
615B0_S39_L001_R2_001	1	0.25	0.5	1	0.25	0.25	1	0.5	0.25	0.25	1
615B14_S40_L001_R1_001	1	1	0.25	1	0.25	0.25	1	0.5	0.25	0.25	1
615B14_S40_L001_R2_001	1	0.25	0.5	1	0.25	0.25	1	0.5	0.25	0.25	1
621A0_S57_L001_R1_001	1	0.25	0.25	1	0.25	0.25	1	0.5	0.25	0.25	1
621A0_S57_L001_R2_001	1	0.25	0.5	1	0.25	0.25	1	0.5	0.25	0.25	1
621A14_S58_L001_R1_001	1	0.5	0.25	1	0.25	0.25	1	0.5	0.25	0.25	1
621A14_S58_L001_R2_001	1	0.25	0.5	1	0.25	0.25	1	0.5	0.25	0.25	1
621B0_S59_L001_R1_001	1	0.5	0.25	1	0.25	0.25	1	0.5	0.25	0.25	1
621B0_S59_L001_R2_001	1	0.25	0.5	1	0.25	0.25	1	0.5	0.25	0.25	1
621B14_S60_L001_R1_001	1	0.5	0.25	1	0.25	0.25	1	0.5	0.25	0.25	1
621B14_S60_L001_R2_001	1	0.25	0.5	1	0.25	0.25	1	0.5	0.25	0.25	1
622A0_S61_L001_R1_001	1	1	0.25	1	0.25	0.25	1	0.5	0.25	0.25	1
622A0_S61_L001_R2_001	1	0.25	0.5	1	0.25	0.25	1	0.5	0.25	0.25	1
622A14_S62_L001_R1_001	1	0.5	0.25	1	0.25	0.25	1	0.5	0.25	0.25	1
622A14_S62_L001_R2_001	1	0.25	0.5	1	0.25	0.25	1	0.5	0.25	0.25	1
622B0_S63_L001_R1_001	1	0.5	0.25	1	0.25	0.25	1	0.5	0.25	0.25	1
622B0_S63_L001_R2_001	1	0.25	0.5	1	0.25	0.25	1	0.5	0.25	0.25	1
622B14_S64_L001_R1_001	1	0.5	0.25	1	0.25	0.25	1	0.5	0.25	0.25	1
622B14_S64_L001_R2_001	1	0.25	0.5	1	0.25	0.25	1	0.5	0.25	0.25	1
639A0_S81_L001_R1_001	1	1	0.25	1	0.25	0.25	1	0.5	0.25	0.25	1
639A0_S81_L001_R2_001	1	0.25	0.5	1	0.25	0.25	1	0.5	0.25	0.25	1
639B14_S84_L001_R1_001	1	0.5	0.25	1	0.25	0.25	1	0.5	0.25	0.25	1
639B14_S84_L001_R2_001	1	0.25	0.5	1	0.25	0.25	1	0.5	0.25	0.25	1
640A0_S85_L001_R1_001	1	0.5	0.25	1	0.25	0.25	1	0.5	0.25	0.25	1
640A0_S85_L001_R2_001	1	0.25	0.5	1	0.25	0.25	1	0.5	0.25	0.25	1
640A14_S86_L001_R1_001	1	0.5	0.25	1	0.25	0.25	1	0.5	0.25	0.25	1
640A14_S86_L001_R2_001	1	0.25	0.5	1	0.25	0.25	1	0.5	0.25	0.25	1
640B0_S87_L001_R1_001	1	0.5	0.25	1	0.25	0.25	1	0.5	0.25	0.25	1
640B0_S87_L001_R2_001	1	0.25	0.5	1	0.25	0.25	1	0.5	0.25	0.25	1
640B14_S88_L001_R1_001	1	0.5	0.25	1	0.25	0.25	1	0.5	0.25	0.25	1
640B14_S88_L001_R2_001	1	0.25	0.5	1	0.25	0.25	1	0.5	0.25	0.25	1
644A14_S90_L001_R1_001	1	0.5	0.25	1	0.25	0.25	1	0.5	0.25	0.25	1
644A14_S90_L001_R2_001	1	0.25	0.5	1	0.25	0.25	1	0.5	0.25	0.25	1
644B0_S91_L001_R1_001	1	0.5	0.25	1	0.25	0.25	1	0.5	0.25	0.25	1
644B0_S91_L001_R2_001	1	0.25	0.5	1	0.25	0.25	1	0.5	0.25	0.25	1
644B14_S92_L001_R1_001	1	0.5	0.25	1	0.25	0.25	1	0.5	0.25	0.25	1
644B14_S92_L001_R2_001	1	0.25	0.5	1	0.25	0.25	1	0.5	0.25	0.25	1
651A0_S105_L001_R1_001	1	0.5	0.25	1	0.25	0.25	1	0.5	0.25	0.25	1
651A0_S105_L001_R2_001	1	0.25	1	1	0.25	0.25	1	0.5	0.25	0.25	1
651A14_S106_L001_R1_001	1	0.5	0.25	1	0.25	0.25	1	0.5	0.25	0.25	1
651A14_S106_L001_R2_001	1	0.25	0.5	1	0.25	0.25	1	0.5	0.25	0.25	1
651B0_S107_L001_R1_001	1	1	0.25	1	0.25	0.25	1	0.5	0.25	0.25	1
651B0_S107_L001_R2_001	1	0.25	0.5	1	0.25	0.25	1	0.5	0.25	0.25	1
651B14_S108_L001_R1_001	1	1	0.25	1	0.25	0.25	1	0.5	0.25	0.25	1
651B14_S108_L001_R2_001	1	0.25	0.5	1	0.25	0.25	1	0.5	0.25	0.25	1
653A0_S113_L001_R1_001	1	1	0.25	1	0.25	0.25	1	0.5	0.25	0.25	1
653A0_S113_L001_R2_001	1	0.25	0.5	1	0.25	0.25	1	0.5	0.25	0.25	1
653A14_S114_L001_R1_001	1	1	0.25	1	0.25	0.25	1	0.5	0.25	0.25	1
653A14_S114_L001_R2_001	1	0.25	0.5	1	0.25	0.25	1	0.5	0.25	0.25	1
653B0_S115_L001_R1_001	1	1	0.25	1	0.25	0.5	1	0.5	0.25	0.25	1
653B0_S115_L001_R2_001	1	0.25	1	1	0.25	0.25	1	0.5	0.25	0.25	1
653B14_S116_L001_R1_001	1	1	0.25	1	0.25	0.25	1	0.5	0.25	0.25	1
653B14_S116_L001_R2_001	1	0.25	0.5	1	0.25	0.25	1	0.5	0.25	0.25	1
655A14_S126_L001_R1_001	1	0.5	0.25	1	0.25	0.5	1	0.5	0.25	0.25	1
655A14_S126_L001_R2_001	1	0.25	0.5	1	0.25	0.25	1	0.5	0.25	0.25	1
655B0_S127_L001_R1_001	1	0.5	0.25	1	0.25	0.25	1	0.5	0.25	0.25	1
655B0_S127_L001_R2_001	1	0.25	0.5	1	0.25	0.25	1	0.5	0.25	0.25	1
655B14_S128_L001_R1_001	1	0.5	0.25	1	0.25	0.5	1	0.5	0.25	0.25	1
655B14_S128_L001_R2_001	1	0.25	0.5	1	0.25	0.25	1	0.5	0.25	0.25	1
656A0_S117_L001_R1_001	1	1	0.25	1	0.25	0.25	1	0.5	0.25	0.25	1
656A0_S117_L001_R2_001	1	0.25	0.5	1	0.25	0.25	1	0.5	0.25	0.25	1
656A14_S118_L001_R1_001	1	1	0.25	1	0.25	0.25	1	0.5	0.25	0.25	1
656A14_S118_L001_R2_001	1	0.25	0.5	1	0.25	0.25	1	0.5	0.25	0.25	1
656B0_S119_L001_R1_001	1	1	0.25	1	0.25	0.25	1	0.5	0.25	0.25	1
656B0_S119_L001_R2_001	1	0.25	0.5	1	0.25	0.25	1	0.5	0.25	0.25	1
656B14_S120_L001_R1_001	1	1	0.25	1	0.25	0.25	1	0.5	0.25	0.25	1
656B14_S120_L001_R2_001	1	0.25	0.5	1	0.25	0.25	1	0.5	0.25	0.25	1
676A0_S133_L001_R1_001	1	1	0.25	1	0.25	0.25	1	0.5	0.25	0.25	1
676A0_S133_L001_R2_001	1	0.25	0.5	1	0.25	0.25	1	0.5	0.25	0.25	1
676A14_S134_L001_R1_001	1	1	0.25	1	0.25	0.25	1	0.5	0.25	0.25	1
676A14_S134_L001_R2_001	1	0.25	0.5	1	0.25	0.25	1	0.5	0.25	0.25	1
676B0_S135_L001_R1_001	1	1	0.25	1	0.25	0.25	1	0.5	0.25	0.25	1
676B0_S135_L001_R2_001	1	0.25	1	1	0.25	0.25	1	0.5	0.25	0.25	1
676B14_S136_L001_R1_001	1	0.5	0.25	1	0.25	0.25	1	0.5	0.25	0.25	1
676B14_S136_L001_R2_001	1	0.25	0.5	1	0.25	0.25	1	0.5	0.25	0.25	1
678A0_S141_L001_R1_001	1	0.5	0.25	1	0.25	0.25	1	0.5	0.25	0.25	1
678A0_S141_L001_R2_001	1	0.25	0.5	1	0.25	0.25	1	0.5	0.25	0.25	1
678A14_S142_L001_R1_001	1	0.5	0.25	1	0.25	0.25	1	0.5	0.25	0.25	1
678A14_S142_L001_R2_001	1	0.25	0.5	1	0.25	0.25	1	0.5	0.25	0.25	1
678B0_S143_L001_R1_001	1	0.5	0.25	1	0.25	0.25	1	0.5	0.25	0.25	1
678B0_S143_L001_R2_001	1	0.25	0.5	1	0.25	0.25	1	0.5	0.25	0.25	1
678B14_S144_L001_R1_001	1	0.5	0.25	1	0.25	0.25	1	0.5	0.25	0.25	1
678B14_S144_L001_R2_001	1	0.25	0.5	1	0.25	0.25	1	0.5	0.25	0.25	1
681A0_S153_L001_R1_001	1	1	0.25	1	0.25	0.25	1	0.5	0.25	0.25	1
681A0_S153_L001_R2_001	1	0.25	0.5	1	0.25	0.25	1	0.5	0.25	0.25	1
681A14_S154_L001_R1_001	1	1	0.25	1	0.25	0.25	1	0.5	0.25	0.25	1
681A14_S154_L001_R2_001	1	0.25	0.5	1	0.25	0.25	1	0.5	0.25	0.25	1
681B0_S155_L001_R1_001	1	1	0.25	1	0.25	0.25	1	0.5	0.25	0.25	1
681B0_S155_L001_R2_001	1	0.25	0.5	1	0.25	0.25	1	0.5	0.25	0.25	1
681B14_S156_L001_R1_001	1	1	0.25	1	0.25	0.5	1	0.5	0.25	0.25	1
681B14_S156_L001_R2_001	1	0.25	0.5	1	0.25	0.25	1	0.5	0.25	0.25	1
682A0_S145_L001_R1_001	1	1	0.25	1	0.25	0.25	1	0.5	0.25	0.25	1
682A0_S145_L001_R2_001	1	0.25	0.5	1	0.25	0.25	1	0.5	0.25	0.25	1
682A14_S146_L001_R1_001	1	1	0.25	1	0.25	0.5	1	0.5	0.25	0.25	1
682A14_S146_L001_R2_001	1	0.25	0.5	1	0.25	0.25	1	0.5	0.25	0.25	1
682B0_S147_L001_R1_001	1	1	0.25	1	0.25	0.25	1	0.5	0.25	0.25	1
682B0_S147_L001_R2_001	1	0.25	0.5	1	0.25	0.25	1	0.5	0.25	0.25	1
682B14_S148_L001_R1_001	1	1	0.25	1	0.25	0.5	1	0.5	0.25	0.25	1
682B14_S148_L001_R2_001	1	0.25	0.5	1	0.25	0.25	1	0.5	0.25	0.25	1
688A0_S137_L001_R1_001	1	1	0.25	1	0.25	0.25	1	0.5	0.25	0.25	1
688A0_S137_L001_R2_001	1	0.25	0.5	1	0.25	0.25	1	0.5	0.25	0.25	1
688A14_S138_L001_R1_001	1	1	0.25	1	0.25	0.25	1	0.5	0.25	0.25	1
688A14_S138_L001_R2_001	1	0.25	0.5	1	0.25	0.25	1	0.5	0.25	0.25	1
688B0_S139_L001_R1_001	1	1	0.25	1	0.25	0.25	1	0.5	0.25	0.25	1
688B0_S139_L001_R2_001	1	0.25	0.5	1	0.25	0.25	1	0.5	0.25	0.25	1
688B14_S140_L001_R1_001	1	1	0.25	1	0.25	0.25	1	0.5	0.25	0.25	1
688B14_S140_L001_R2_001	1	0.25	0.5	1	0.25	0.25	1	0.5	0.25	0.25	1
692A0_S157_L001_R1_001	1	1	0.25	1	0.25	1	1	0.5	0.25	0.25	1
692A0_S157_L001_R2_001	1	0.25	0.5	1	0.25	0.25	1	0.5	0.25	0.25	1
692A14_S158_L001_R1_001	1	1	0.25	1	0.25	0.5	1	0.5	0.25	0.25	1
692A14_S158_L001_R2_001	1	0.25	0.5	1	0.25	0.25	1	0.5	0.25	0.25	1
692B0_S159_L001_R1_001	1	1	0.25	1	0.25	0.25	1	0.5	0.25	0.25	1
692B0_S159_L001_R2_001	1	0.25	0.5	1	0.25	0.25	1	0.5	0.25	0.25	1
692B14_S160_L001_R1_001	1	1	0.25	1	0.25	0.25	1	0.5	0.25	0.25	1
692B14_S160_L001_R2_001	1	0.25	0.5	1	0.25	0.25	1	0.5	0.25	0.25	1
722A0_S149_L001_R1_001	1	1	0.25	1	0.25	0.25	1	0.5	0.25	0.25	1
722A0_S149_L001_R2_001	1	0.25	0.5	1	0.25	0.25	1	0.5	0.25	0.25	1
722A14_S150_L001_R1_001	1	0.5	0.25	1	0.25	0.25	1	0.5	0.25	0.25	1
722A14_S150_L001_R2_001	1	0.25	0.5	1	0.25	0.25	1	0.5	0.25	0.25	1
722B0_S151_L001_R1_001	1	0.5	0.25	1	0.25	0.25	1	0.5	0.25	0.25	1
722B0_S151_L001_R2_001	1	0.25	0.5	1	0.25	0.25	1	0.5	0.25	0.25	1
722B14_S152_L001_R1_001	1	1	0.25	1	0.25	0.25	1	0.5	0.25	0.25	1
722B14_S152_L001_R2_001	1	0.25	0.5	1	0.25	0.25	1	0.5	0.25	0.25	1
727A0_S161_L001_R1_001	1	1	0.25	1	0.25	0.25	1	0.5	0.25	0.25	1
727A0_S161_L001_R2_001	1	0.25	0.5	1	0.25	0.25	1	0.5	0.25	0.25	1
727A14_S162_L001_R1_001	1	1	0.25	1	0.25	0.25	1	0.5	0.25	0.25	1
727A14_S162_L001_R2_001	1	0.25	0.5	1	0.25	0.25	1	0.5	0.25	0.25	1
727B0_S163_L001_R1_001	1	1	0.25	1	0.25	0.25	1	0.5	0.25	0.25	1
727B0_S163_L001_R2_001	1	0.25	0.5	1	0.25	0.25	1	0.5	0.25	0.25	1
727B14_S164_L001_R1_001	1	1	0.25	1	0.25	0.25	1	0.5	0.25	0.25	1
727B14_S164_L001_R2_001	1	0.25	0.5	1	0.25	0.25	1	0.5	0.25	0.25	1
