Sample	fastqc-percent_duplicates	fastqc-percent_gc	fastqc-avg_sequence_length	fastqc-median_sequence_length	fastqc-percent_fails	fastqc-total_sequences
504A0_S1_L001_R1_001	93.38955207534772	54.0	300.6340926514073	301	45.45454545454545	0.045655
504A0_S1_L001_R2_001	90.68448143686344	54.0	300.7522943817764	301	45.45454545454545	0.045655
504A14_S2_L001_R1_001	92.53587268458126	54.0	300.5543699452126	301	45.45454545454545	0.038329999999999996
504A14_S2_L001_R2_001	90.55309157318028	54.0	300.70879206887554	301	45.45454545454545	0.038329999999999996
504B0_S3_L001_R1_001	93.49545325742548	55.0	300.712383111363	301	45.45454545454545	0.038819
504B0_S3_L001_R2_001	90.66178932996729	55.0	300.7981529663309	301	45.45454545454545	0.038819
504B14_S4_L001_R1_001	92.33602746584651	55.0	300.5775695586868	301	45.45454545454545	0.027961999999999997
504B14_S4_L001_R2_001	89.19605178456477	55.0	300.84257206208423	301	45.45454545454545	0.027961999999999997
508A0_S9_L001_R1_001	91.72940165151476	53.0	300.76307015030346	301	45.45454545454545	0.038389
508A0_S9_L001_R2_001	90.36442730990649	53.0	300.74884732605693	301	45.45454545454545	0.038389
508A14_S10_L001_R1_001	92.761823422654	53.0	300.8122130885022	301	36.36363636363637	0.037468
508A14_S10_L001_R2_001	91.0643749332764	53.0	300.78324169958364	301	45.45454545454545	0.037468
508B0_S11_L001_R1_001	92.17751749315485	53.0	300.7344653179191	301	45.45454545454545	0.026296
508B0_S11_L001_R2_001	90.07453605111044	53.0	300.76931852753273	301	45.45454545454545	0.026296
508B14_S12_L001_R1_001	90.6682422902451	54.0	300.77606449891357	301	45.45454545454545	0.026233
508B14_S12_L001_R2_001	88.99477757023597	53.0	300.78448900240153	301	45.45454545454545	0.026233
519A0_S33_L001_R1_001	90.13582214128537	54.0	300.8771530465134	301	45.45454545454545	0.026358
519A0_S33_L001_R2_001	90.25343349267774	54.0	300.83302982016846	301	45.45454545454545	0.026358
519A14_S34_L001_R1_001	91.83531475935506	54.0	300.8946365368908	301	45.45454545454545	0.033056999999999996
519A14_S34_L001_R2_001	91.13954684333122	54.0	300.86573191759686	301	45.45454545454545	0.033056999999999996
519B0_S35_L001_R1_001	89.96650246305418	54.0	300.7223251231527	301	45.45454545454545	0.025374999999999998
519B0_S35_L001_R2_001	89.41871921182266	54.0	300.7627586206897	301	45.45454545454545	0.025374999999999998
519B14_S36_L001_R1_001	91.15594256846583	54.0	300.8550418771603	301	45.45454545454545	0.030088
519B14_S36_L001_R2_001	90.49787290614198	54.0	300.7723178675884	301	45.45454545454545	0.030088
521A0_S25_L001_R1_001	92.61803511067495	53.0	300.95445789263255	301	45.45454545454545	0.027513
521A0_S25_L001_R2_001	90.16101479300694	53.0	300.8735870315851	301	45.45454545454545	0.027513
521A14_S26_L001_R1_001	92.37966966754094	53.0	300.8828950166584	301	45.45454545454545	0.028214
521A14_S26_L001_R2_001	90.30623094917416	53.0	300.77300276458493	301	45.45454545454545	0.028214
521B0_S27_L001_R1_001	92.90803755743491	53.0	300.90297662649	301	45.45454545454545	0.030033999999999998
521B0_S27_L001_R2_001	88.05686888193381	53.0	300.82318372511156	301	45.45454545454545	0.030033999999999998
521B14_S28_L001_R1_001	92.76227528843575	52.0	300.8833344513013	301	45.45454545454545	0.029816
521B14_S28_L001_R2_001	89.88797960826402	53.0	300.76866447544944	301	45.45454545454545	0.029816
523A0_S17_L001_R1_001	92.41101147354819	54.0	300.86333555233585	301	45.45454545454545	0.025536999999999997
523A0_S17_L001_R2_001	89.7051337275326	54.0	300.8246465912206	301	45.45454545454545	0.025536999999999997
523A14_S18_L001_R1_001	91.71477079796264	53.0	300.7620331069609	301	45.45454545454545	0.023559999999999998
523A14_S18_L001_R2_001	89.00679117147708	53.0	300.7125636672326	301	45.45454545454545	0.023559999999999998
523B0_S19_L001_R1_001	90.69660651145705	53.0	300.7499196399871	301	45.45454545454545	0.021776999999999998
523B0_S19_L001_R2_001	88.21233411397345	53.0	300.7591725214676	301	45.45454545454545	0.021776999999999998
523B14_S20_L001_R1_001	91.0228038102569	53.0	300.86486096411045	301	45.45454545454545	0.020786
523B14_S20_L001_R2_001	88.03040508034253	53.0	300.6549600692774	301	45.45454545454545	0.020786
528A0_S53_L001_R1_001	90.39743376103982	53.0	300.5778203632728	301	45.45454545454545	0.024003999999999998
528A0_S53_L001_R2_001	89.2309615064156	53.0	300.61291868022	301	45.45454545454545	0.024003999999999998
528A14_S54_L001_R1_001	90.75419992851185	53.0	300.6363636363636	301	45.45454545454545	0.025179
528A14_S54_L001_R2_001	89.83676873585131	53.0	300.72800746653957	301	45.45454545454545	0.025179
528B0_S55_L001_R1_001	91.04200988467875	54.0	300.57419686985173	301	45.45454545454545	0.02428
528B0_S55_L001_R2_001	89.44810543657331	54.0	300.62619439868206	301	45.45454545454545	0.02428
528B14_S56_L001_R1_001	90.82052476323553	54.0	300.63190886508306	301	45.45454545454545	0.025764
528B14_S56_L001_R2_001	88.78667908709828	54.0	300.6906924390623	301	45.45454545454545	0.025764
532A0_S45_L001_R1_001	92.7289387161106	54.0	300.6166927181588	301	45.45454545454545	0.037106
532A0_S45_L001_R2_001	90.23877540020482	54.0	300.8373982644316	301	45.45454545454545	0.037106
532A14_S46_L001_R1_001	92.6236934567874	55.0	300.3761739553179	301	45.45454545454545	0.045252999999999995
532A14_S46_L001_R2_001	90.60614765871875	55.0	300.82633195589244	301	45.45454545454545	0.045252999999999995
532B0_S47_L001_R1_001	92.90292764281553	54.0	300.8133903992605	301	45.45454545454545	0.049767
532B0_S47_L001_R2_001	90.96389173548737	54.0	300.9111660337171	301	45.45454545454545	0.049767
532B14_S48_L001_R1_001	93.58116203651932	54.0	300.64597344920685	301	45.45454545454545	0.062597
532B14_S48_L001_R2_001	90.81106123296644	54.0	300.8640350176526	301	45.45454545454545	0.062597
550A0_S65_L001_R1_001	90.64180107526882	53.0	300.82228662634407	301	45.45454545454545	0.023808
550A0_S65_L001_R2_001	89.58333333333333	53.0	300.78433719758067	301	45.45454545454545	0.023808
550A14_S66_L001_R1_001	90.47132821434406	53.0	300.79711239993463	301	45.45454545454545	0.024484
550A14_S66_L001_R2_001	89.04999183140009	53.0	300.8035451723575	301	45.45454545454545	0.024484
550B0_S67_L001_R1_001	90.82399937338451	53.0	300.89445445288635	301	45.45454545454545	0.025533999999999998
550B0_S67_L001_R2_001	89.39453277982298	53.0	300.8219432912979	301	45.45454545454545	0.025533999999999998
550B14_S68_L001_R1_001	89.97953368915286	53.0	300.81746859825836	301	45.45454545454545	0.024919
550B14_S68_L001_R2_001	89.05654319996789	53.0	300.7785826076488	301	36.36363636363637	0.024919
551A0_S73_L001_R1_001	91.20725512256656	54.0	300.82917391156116	301	36.36363636363637	0.029331
551A0_S73_L001_R2_001	89.89124134874365	54.0	300.7879547236712	301	45.45454545454545	0.029331
551A14_S74_L001_R1_001	91.5916113339031	54.0	300.91741174150286	301	45.45454545454545	0.030421999999999998
551A14_S74_L001_R2_001	89.15587403852476	54.0	300.8584412596148	301	45.45454545454545	0.030421999999999998
551B0_S75_L001_R1_001	93.15892058088781	54.0	300.8841106871277	301	45.45454545454545	0.036427
551B0_S75_L001_R2_001	90.95451176325253	53.0	300.8414637494166	301	45.45454545454545	0.036427
551B14_S76_L001_R1_001	94.30245314287048	54.0	300.9709637513713	301	45.45454545454545	0.042843
551B14_S76_L001_R2_001	91.0907266064468	54.0	300.8680998062694	301	45.45454545454545	0.042843
554A0_S69_L001_R1_001	89.14739353891336	54.0	300.62688142437594	301	36.36363636363637	0.021792
554A0_S69_L001_R2_001	88.12408223201174	53.0	300.66489996328926	301	45.45454545454545	0.021792
554A14_S70_L001_R1_001	89.93174767321614	54.0	300.7422337125129	301	45.45454545454545	0.024175
554A14_S70_L001_R2_001	88.83971044467425	54.0	300.665170630817	301	45.45454545454545	0.024175
554B0_S71_L001_R1_001	90.06806150743635	55.0	300.69960507520375	301	45.45454545454545	0.023802
554B0_S71_L001_R2_001	88.75304596252415	55.0	300.64105957482565	301	45.45454545454545	0.023802
554B14_S72_L001_R1_001	90.10927876018279	54.0	300.77436916352076	301	36.36363636363637	0.025165
554B14_S72_L001_R2_001	88.35684482416055	54.0	300.69016491158357	301	45.45454545454545	0.025165
574A0_S97_L001_R1_001	95.21692397889389	53.0	300.98624682431114	301	45.45454545454545	0.061404
574A0_S97_L001_R2_001	93.18122597876359	54.0	300.8405315614618	301	45.45454545454545	0.061404
574A14_S98_L001_R1_001	93.21747038169096	53.0	300.9595069088337	301	45.45454545454545	0.039587
574A14_S98_L001_R2_001	91.4037436532195	54.0	300.8850127567131	301	45.45454545454545	0.039587
574B0_S99_L001_R1_001	93.30314520308792	53.0	300.95564527128397	301	45.45454545454545	0.036659
574B0_S99_L001_R2_001	90.90264327995854	54.0	300.82730025368943	301	45.45454545454545	0.036659
574B14_S100_L001_R1_001	93.91049373574623	53.0	300.98696798270294	301	45.45454545454545	0.033763
574B14_S100_L001_R2_001	91.68320350679738	54.0	300.89171578355	301	45.45454545454545	0.033763
576A0_S93_L001_R1_001	91.75	52.0	300.8475	301	45.45454545454545	0.0288
576A0_S93_L001_R2_001	90.25694444444444	53.0	300.8088715277778	301	45.45454545454545	0.0288
576A14_S94_L001_R1_001	90.99013830794125	53.0	300.8081091808384	301	45.45454545454545	0.032753
576A14_S94_L001_R2_001	90.9718193753244	52.0	300.81116233627455	301	45.45454545454545	0.032753
576B0_S95_L001_R1_001	91.93121365829519	53.0	300.8247309167388	301	45.45454545454545	0.040415
576B0_S95_L001_R2_001	91.04292960534455	53.0	300.78681182729184	301	45.45454545454545	0.040415
576B14_S96_L001_R1_001	93.07883941783581	52.0	300.877367149306	301	45.45454545454545	0.053387
576B14_S96_L001_R2_001	90.77303463389964	52.0	300.82257853035384	301	45.45454545454545	0.053387
578A0_S101_L001_R1_001	93.1959663620809	53.0	300.97005715533874	301	45.45454545454545	0.027469
578A0_S101_L001_R2_001	91.48494666715206	54.0	300.82713240380065	301	45.45454545454545	0.027469
578A14_S102_L001_R1_001	93.31424844180316	53.0	300.48521524858677	300	45.45454545454545	0.027596
578A14_S102_L001_R2_001	91.00594289027396	53.0	300.43339614436877	300	45.45454545454545	0.027596
578B0_S103_L001_R1_001	92.72472011231505	52.0	300.94315850102595	301	45.45454545454545	0.027778999999999998
578B0_S103_L001_R2_001	91.14438964685554	53.0	300.82873753554844	301	45.45454545454545	0.027778999999999998
578B14_S104_L001_R1_001	93.36406699374048	53.0	300.96405007612924	301	45.45454545454545	0.023644
578B14_S104_L001_R2_001	90.99137201827102	53.0	300.8138639824057	301	45.45454545454545	0.023644
583A0_S129_L001_R1_001	91.44531498821581	54.0	300.9742340276451	301	45.45454545454545	0.031397999999999995
583A0_S129_L001_R2_001	89.44518759156634	54.0	300.81296579399964	301	45.45454545454545	0.031397999999999995
583A14_S130_L001_R1_001	91.51408324040433	52.0	300.95855966041944	301	45.45454545454545	0.027798999999999997
583A14_S130_L001_R2_001	89.27659268319005	53.0	300.90197489118316	301	45.45454545454545	0.027798999999999997
583B0_S131_L001_R1_001	93.74655567479769	53.0	300.98752791716214	301	45.45454545454545	0.034477
583B0_S131_L001_R2_001	90.97079212228442	54.0	300.6249093598631	301	45.45454545454545	0.034477
583B14_S132_L001_R1_001	91.05436628158604	52.0	300.95565469254586	301	45.45454545454545	0.030036999999999998
583B14_S132_L001_R2_001	88.09801245131005	53.0	300.87192462629423	301	45.45454545454545	0.030036999999999998
586A0_S109_L001_R1_001	91.62738414678367	54.0	300.9022046558851	301	45.45454545454545	0.027578
586A0_S109_L001_R2_001	89.64391906592212	55.0	300.78624265719054	301	45.45454545454545	0.027578
586A14_S110_L001_R1_001	91.03610191671157	53.0	300.9262181510276	301	45.45454545454545	0.025981999999999998
586A14_S110_L001_R2_001	89.01547225001924	54.0	300.86109614348396	301	45.45454545454545	0.025981999999999998
586B0_S111_L001_R1_001	90.94231271208562	55.0	300.96737144348737	301	45.45454545454545	0.026816999999999997
586B0_S111_L001_R2_001	89.95413357198792	56.0	300.54017973673416	301	45.45454545454545	0.026816999999999997
586B14_S112_L001_R1_001	90.22068965517241	54.0	300.92096551724137	301	45.45454545454545	0.02175
586B14_S112_L001_R2_001	86.93333333333334	55.0	300.788275862069	301	45.45454545454545	0.02175
597A0_S121_L001_R1_001	93.34703313639866	53.0	300.9763999486257	301	45.45454545454545	0.031143999999999998
597A0_S121_L001_R2_001	90.25815566401234	54.0	300.8875866940663	301	45.45454545454545	0.031143999999999998
597A14_S122_L001_R1_001	92.17114896960607	53.0	300.9679631415408	301	45.45454545454545	0.027999
597A14_S122_L001_R2_001	90.0817886353084	54.0	300.9011393264045	301	45.45454545454545	0.027999
597B0_S123_L001_R1_001	88.82022471910112	54.0	300.5741573033708	301	45.45454545454545	0.00534
597B0_S123_L001_R2_001	86.40449438202248	53.0	299.98539325842694	300	45.45454545454545	0.00534
597B14_S124_L001_R1_001	91.11558570015544	53.0	300.933269747068	301	45.45454545454545	0.028308
597B14_S124_L001_R2_001	88.67457962413452	53.0	300.85975695916346	301	45.45454545454545	0.028308
603A0_S13_L001_R1_001	88.35325096212274	54.0	300.55833502126796	301	36.36363636363637	0.019747999999999998
603A0_S13_L001_R2_001	88.42414421713592	53.0	300.7627354668827	301	45.45454545454545	0.019747999999999998
603A14_S14_L001_R1_001	88.88664784187172	53.0	300.58574526018555	301	45.45454545454545	0.019832
603A14_S14_L001_R2_001	89.26986688180718	53.0	300.80428096006455	301	45.45454545454545	0.019832
603B0_S15_L001_R1_001	89.65045458557684	53.0	300.77030188013066	301	45.45454545454545	0.022657999999999998
603B0_S15_L001_R2_001	89.92408862212022	53.0	300.79011828051904	301	45.45454545454545	0.022657999999999998
603B14_S16_L001_R1_001	89.37206470690555	54.0	300.5725995825361	301	45.45454545454545	0.022996
603B14_S16_L001_R2_001	88.49365106975127	54.0	300.7757218646721	301	45.45454545454545	0.022996
607A0_S5_L001_R1_001	88.30991944584972	54.0	300.81610693855316	301	45.45454545454545	0.025696999999999998
607A0_S5_L001_R2_001	89.27112114254582	54.0	300.7740592287037	301	45.45454545454545	0.025696999999999998
607A14_S6_L001_R1_001	88.35000761769336	54.0	300.83441673861154	301	45.45454545454545	0.019691
607A14_S6_L001_R2_001	88.86293230409832	54.0	300.7247981311259	301	45.45454545454545	0.019691
607B0_S7_L001_R1_001	89.49507216591154	55.0	300.88932224765284	301	45.45454545454545	0.021408999999999997
607B0_S7_L001_R2_001	88.78976131533467	55.0	300.8301181745995	301	45.45454545454545	0.021408999999999997
607B14_S8_L001_R1_001	88.72167369840372	54.0	300.84172067330695	301	45.45454545454545	0.022990999999999998
607B14_S8_L001_R2_001	88.26062372232613	53.0	300.7407463790179	301	45.45454545454545	0.022990999999999998
610A0_S21_L001_R1_001	90.49351538757865	54.0	300.7115952574584	301	45.45454545454545	0.023363
610A0_S21_L001_R2_001	87.74986089115268	54.0	300.8616616016779	301	45.45454545454545	0.023363
610A14_S22_L001_R1_001	91.28316410088438	53.0	300.66369145103175	301	45.45454545454545	0.024423999999999998
610A14_S22_L001_R2_001	88.76105470029479	53.0	300.83321732721913	301	45.45454545454545	0.024423999999999998
610B0_S23_L001_R1_001	91.50339476236664	53.0	300.68568380213384	301	45.45454545454545	0.025775
610B0_S23_L001_R2_001	89.27643064985452	53.0	300.77914645974784	301	45.45454545454545	0.025775
610B14_S24_L001_R1_001	89.3596346322029	53.0	300.75264794480614	301	45.45454545454545	0.020582
610B14_S24_L001_R2_001	86.94004469925177	53.0	300.8727043047323	301	45.45454545454545	0.020582
612A0_S41_L001_R1_001	89.79570990806945	53.0	300.7996935648621	301	45.45454545454545	0.00979
612A0_S41_L001_R2_001	87.93667007150154	53.0	300.7060776302349	301	45.45454545454545	0.00979
612A14_S42_L001_R1_001	91.92724855735823	52.0	300.95212846309556	301	45.45454545454545	0.033098999999999996
612A14_S42_L001_R2_001	90.918154627028	52.0	300.92304903471404	301	45.45454545454545	0.033098999999999996
612B0_S43_L001_R1_001	90.57442196531792	52.0	300.8975794797688	301	45.45454545454545	0.02768
612B0_S43_L001_R2_001	89.86271676300578	52.0	300.83981213872835	301	45.45454545454545	0.02768
612B14_S44_L001_R1_001	91.02060373742214	52.0	300.92978757387	301	45.45454545454545	0.031305
612B14_S44_L001_R2_001	89.89937709631049	52.0	300.8417505190864	301	45.45454545454545	0.031305
613A0_S49_L001_R1_001	93.06147643756871	53.0	300.7468413032156	301	45.45454545454545	0.051841
613A0_S49_L001_R2_001	91.17686773017496	53.0	300.78909550355894	301	45.45454545454545	0.051841
613A14_S50_L001_R1_001	92.60154878083887	54.0	300.6342804502404	301	45.45454545454545	0.034737
613A14_S50_L001_R2_001	90.56913377666466	54.0	300.7953910815557	301	45.45454545454545	0.034737
613B0_S51_L001_R1_001	92.72110849056604	53.0	300.73665978773585	301	45.45454545454545	0.03392
613B0_S51_L001_R2_001	90.70754716981132	53.0	300.7714180424528	301	45.45454545454545	0.03392
613B14_S52_L001_R1_001	93.05688871824407	54.0	300.73233826070265	301	45.45454545454545	0.031254
613B14_S52_L001_R2_001	90.43002495680552	54.0	300.8097843476035	301	45.45454545454545	0.031254
615A0_S37_L001_R1_001	92.3429814604616	54.0	300.83109865682934	301	45.45454545454545	0.042288
615A0_S37_L001_R2_001	89.76778282255013	54.0	300.7867125425653	301	45.45454545454545	0.042288
615A14_S38_L001_R1_001	92.13088990542475	55.0	300.8178093340443	301	45.45454545454545	0.035633
615A14_S38_L001_R2_001	90.77821120871103	55.0	300.8262565599304	301	45.45454545454545	0.035633
615B0_S39_L001_R1_001	92.23564350781004	56.0	300.85350809560526	301	45.45454545454545	0.035019
615B0_S39_L001_R2_001	90.85068105885377	55.0	300.81708501099405	301	45.45454545454545	0.035019
615B14_S40_L001_R1_001	89.49490424459626	54.0	300.8105050957554	301	45.45454545454545	0.008929
615B14_S40_L001_R2_001	85.89987680591332	54.0	300.50111994624257	301	45.45454545454545	0.008929
621A0_S57_L001_R1_001	92.89377091654971	56.0	299.64023534492065	301	54.54545454545454	0.037052
621A0_S57_L001_R2_001	91.07740472848968	55.0	300.8505343841088	301	45.45454545454545	0.037052
621A14_S58_L001_R1_001	91.63767282848758	53.0	300.54296130457146	301	45.45454545454545	0.033053
621A14_S58_L001_R2_001	90.0220857410825	53.0	300.7869331074335	301	45.45454545454545	0.033053
621B0_S59_L001_R1_001	92.28602914166768	53.0	300.447946002204	301	45.45454545454545	0.032667999999999996
621B0_S59_L001_R2_001	89.85551610138361	53.0	300.78301395861394	301	45.45454545454545	0.032667999999999996
621B14_S60_L001_R1_001	92.59549154664997	55.0	299.9603318722605	301	45.45454545454545	0.031939999999999996
621B14_S60_L001_R2_001	89.80901690670007	55.0	300.85691922354414	301	45.45454545454545	0.031939999999999996
622A0_S61_L001_R1_001	92.88164665523156	54.0	300.9148168701443	301	45.45454545454545	0.039644
622A0_S61_L001_R2_001	90.62405408132378	54.0	300.78791242054285	301	45.45454545454545	0.039644
622A14_S62_L001_R1_001	89.03056142168387	55.0	300.71938877156634	301	45.45454545454545	0.025096999999999998
622A14_S62_L001_R2_001	89.07040682153246	55.0	300.7188707813683	301	45.45454545454545	0.025096999999999998
622B0_S63_L001_R1_001	89.58607751566679	54.0	300.62321877619445	301	45.45454545454545	0.025053
622B0_S63_L001_R2_001	89.24280525286393	54.0	300.72155031333574	301	45.45454545454545	0.025053
622B14_S64_L001_R1_001	89.49691085613415	55.0	300.6241835834069	301	45.45454545454545	0.02266
622B14_S64_L001_R2_001	88.50838481906443	55.0	300.7851500441306	301	45.45454545454545	0.02266
639A0_S81_L001_R1_001	92.04538389804165	54.0	300.8724743549891	301	45.45454545454545	0.03217
639A0_S81_L001_R2_001	89.8476841778054	54.0	300.80733602735467	301	45.45454545454545	0.03217
639B14_S84_L001_R1_001	91.44456289978677	53.0	300.8249100479744	301	45.45454545454545	0.030015999999999998
639B14_S84_L001_R2_001	89.56889658848614	53.0	300.78912913113004	301	45.45454545454545	0.030015999999999998
640A0_S85_L001_R1_001	91.60608532217455	52.0	300.8998723358984	301	45.45454545454545	0.028199
640A0_S85_L001_R2_001	89.8400652505408	52.0	300.8208092485549	301	45.45454545454545	0.028199
640A14_S86_L001_R1_001	91.84702150158618	51.0	300.93070144518856	301	45.45454545454545	0.02837
640A14_S86_L001_R2_001	90.60627423334509	52.0	300.8272470919986	301	45.45454545454545	0.02837
640B0_S87_L001_R1_001	91.24275595621378	52.0	300.89848432314625	301	45.45454545454545	0.040378
640B0_S87_L001_R2_001	90.83164099261974	52.0	300.80242954083906	301	45.45454545454545	0.040378
640B14_S88_L001_R1_001	92.75761683592968	52.0	300.9114091424254	301	45.45454545454545	0.044999
640B14_S88_L001_R2_001	90.48423298295518	52.0	300.7998844418765	301	45.45454545454545	0.044999
644A14_S90_L001_R1_001	91.60792707679818	53.0	300.8545779975643	301	45.45454545454545	0.027097
644A14_S90_L001_R2_001	90.40484186441303	53.0	300.84642211314906	301	45.45454545454545	0.027097
644B0_S91_L001_R1_001	90.67646053980184	53.0	300.8379569525111	301	45.45454545454545	0.029269999999999997
644B0_S91_L001_R2_001	89.44994875298941	52.0	300.8539460198155	301	45.45454545454545	0.029269999999999997
644B14_S92_L001_R1_001	91.78641057116037	53.0	300.82630514838615	301	45.45454545454545	0.027698
644B14_S92_L001_R2_001	89.76821431150263	53.0	300.85282330854216	301	45.45454545454545	0.027698
651A0_S105_L001_R1_001	94.4994499449945	56.0	300.897526789716	301	45.45454545454545	0.049086
651A0_S105_L001_R2_001	91.79603145499735	57.0	300.88454956606773	301	45.45454545454545	0.049086
651A14_S106_L001_R1_001	91.38164877933718	52.0	300.90214058261586	301	45.45454545454545	0.033916
651A14_S106_L001_R2_001	89.93395447576366	53.0	300.8098684986437	301	45.45454545454545	0.033916
651B0_S107_L001_R1_001	93.52447277526608	53.0	300.48157872567464	300	45.45454545454545	0.035611
651B0_S107_L001_R2_001	91.39310887085452	54.0	300.5857178961557	301	45.45454545454545	0.035611
651B14_S108_L001_R1_001	92.27378016887096	52.0	300.4639841590077	300	45.45454545454545	0.026765999999999998
651B14_S108_L001_R2_001	89.81543749532989	53.0	300.4210939251289	300	45.45454545454545	0.026765999999999998
653A0_S113_L001_R1_001	91.73152472018383	51.0	300.96453191016235	301	45.45454545454545	0.026982
653A0_S113_L001_R2_001	88.814765399155	53.0	300.8910384700912	301	45.45454545454545	0.026982
653A14_S114_L001_R1_001	91.50372712016548	51.0	300.94434687585374	301	45.45454545454545	0.025623
653A14_S114_L001_R2_001	89.48600866409086	53.0	300.891894001483	301	45.45454545454545	0.025623
653B0_S115_L001_R1_001	92.09434035455216	51.0	300.9461577252803	301	36.36363636363637	0.025779
653B0_S115_L001_R2_001	88.90569843671206	53.0	300.6542534621203	301	45.45454545454545	0.025779
653B14_S116_L001_R1_001	91.81588570136088	51.0	300.9525012251668	301	45.45454545454545	0.026527
653B14_S116_L001_R2_001	89.17706487729484	53.0	300.65156255890224	301	45.45454545454545	0.026527
655A14_S126_L001_R1_001	89.73099415204678	53.0	300.9145808966862	301	36.36363636363637	0.02565
655A14_S126_L001_R2_001	88.77582846003898	53.0	300.87762183235867	301	45.45454545454545	0.02565
655B0_S127_L001_R1_001	91.34315178655902	54.0	300.4777981014854	300	45.45454545454545	0.031709
655B0_S127_L001_R2_001	89.7000851493267	55.0	300.42677157904694	300	45.45454545454545	0.031709
655B14_S128_L001_R1_001	89.09575593449837	53.0	300.91207210256846	301	36.36363636363637	0.023632999999999998
655B14_S128_L001_R2_001	88.3933482841789	53.0	300.887910971946	301	45.45454545454545	0.023632999999999998
656A0_S117_L001_R1_001	91.48546340788883	53.0	300.87910948249043	301	45.45454545454545	0.028926999999999998
656A0_S117_L001_R2_001	89.05175095931136	54.0	300.8827047395167	301	45.45454545454545	0.028926999999999998
656A14_S118_L001_R1_001	91.8972458304045	54.0	300.4436385711547	300	45.45454545454545	0.031298
656A14_S118_L001_R2_001	90.54891686369736	55.0	300.4268962873027	300	45.45454545454545	0.031298
656B0_S119_L001_R1_001	91.56266666666667	53.0	300.8675733333333	301	45.45454545454545	0.028124999999999997
656B0_S119_L001_R2_001	89.91288888888889	54.0	300.80563555555557	301	45.45454545454545	0.028124999999999997
656B14_S120_L001_R1_001	90.89724426047296	52.0	300.9015752558353	301	45.45454545454545	0.026091
656B14_S120_L001_R2_001	88.61676440151777	53.0	300.8769307424016	301	45.45454545454545	0.026091
676A0_S133_L001_R1_001	91.57668080730171	52.0	300.88198997300424	301	45.45454545454545	0.031115999999999998
676A0_S133_L001_R2_001	87.59480653040237	53.0	300.86900629901015	301	45.45454545454545	0.031115999999999998
676A14_S134_L001_R1_001	91.19780848309702	52.0	300.92293566934586	301	45.45454545454545	0.033219
676A14_S134_L001_R2_001	88.72031066558296	54.0	300.8776302718324	301	45.45454545454545	0.033219
676B0_S135_L001_R1_001	92.34580917237744	52.0	300.93002108592515	301	45.45454545454545	0.03794
676B0_S135_L001_R2_001	89.22509225092251	54.0	300.88587243015286	301	45.45454545454545	0.03794
676B14_S136_L001_R1_001	91.61108981729909	53.0	300.88590775520635	301	45.45454545454545	0.039134999999999996
676B14_S136_L001_R2_001	88.02350836846813	54.0	300.83063753673184	301	45.45454545454545	0.039134999999999996
678A0_S141_L001_R1_001	91.74418259086451	53.0	300.95123183452705	301	45.45454545454545	0.033649
678A0_S141_L001_R2_001	88.16309548574995	54.0	300.8754197747333	301	45.45454545454545	0.033649
678A14_S142_L001_R1_001	91.47523381650703	53.0	300.95202170043234	301	45.45454545454545	0.035391
678A14_S142_L001_R2_001	88.48294764205589	54.0	300.8848294764206	301	45.45454545454545	0.035391
678B0_S143_L001_R1_001	92.31216697303209	54.0	300.95432440607766	301	45.45454545454545	0.042977
678B0_S143_L001_R2_001	89.3547711566652	55.0	300.8786560253159	301	45.45454545454545	0.042977
678B14_S144_L001_R1_001	92.31054108841415	54.0	300.90852565102136	301	45.45454545454545	0.051303999999999995
678B14_S144_L001_R2_001	88.84297520661157	54.0	300.7983295649462	301	45.45454545454545	0.051303999999999995
681A0_S153_L001_R1_001	93.46915361482435	53.0	300.92189754376204	301	45.45454545454545	0.057526999999999995
681A0_S153_L001_R2_001	90.71914057746797	53.0	300.8062301180315	301	45.45454545454545	0.057526999999999995
681A14_S154_L001_R1_001	92.9137858673323	52.0	300.9201144220362	301	45.45454545454545	0.045271
681A14_S154_L001_R2_001	89.87210355415166	53.0	300.81914470632415	301	45.45454545454545	0.045271
681B0_S155_L001_R1_001	92.68952831428196	51.0	300.9284719484956	301	45.45454545454545	0.038055
681B0_S155_L001_R2_001	89.09210353435816	53.0	300.8533438444357	301	45.45454545454545	0.038055
681B14_S156_L001_R1_001	92.3851976894469	51.0	300.90679977844013	301	36.36363636363637	0.037912999999999995
681B14_S156_L001_R2_001	88.35755545591222	53.0	300.7894917310685	301	45.45454545454545	0.037912999999999995
682A0_S145_L001_R1_001	93.31905275941169	54.0	300.8921198218864	301	45.45454545454545	0.059288
682A0_S145_L001_R2_001	90.47868034003508	55.0	300.87169410335986	301	45.45454545454545	0.059288
682A14_S146_L001_R1_001	92.04445269361051	53.0	300.88601457008957	301	36.36363636363637	0.043102
682A14_S146_L001_R2_001	90.10254744559417	54.0	300.874947798246	301	45.45454545454545	0.043102
682B0_S147_L001_R1_001	93.58523902262733	53.0	300.92444837071093	301	45.45454545454545	0.049807
682B0_S147_L001_R2_001	90.55554440138937	54.0	300.88696367980407	301	45.45454545454545	0.049807
682B14_S148_L001_R1_001	91.40847911923221	53.0	300.85846038562414	301	36.36363636363637	0.034697
682B14_S148_L001_R2_001	88.42263019857624	54.0	300.830100585065	301	45.45454545454545	0.034697
688A0_S137_L001_R1_001	91.25202761326342	52.0	300.9268927534045	301	45.45454545454545	0.026508999999999998
688A0_S137_L001_R2_001	88.7434456222415	52.0	300.87464634652383	301	45.45454545454545	0.026508999999999998
688A14_S138_L001_R1_001	90.39301310043668	52.0	300.9195633187773	301	45.45454545454545	0.0229
688A14_S138_L001_R2_001	88.99126637554585	53.0	300.8789519650655	301	45.45454545454545	0.0229
688B0_S139_L001_R1_001	91.34281102557735	52.0	300.9302210081947	301	45.45454545454545	0.032216
688B0_S139_L001_R2_001	89.11720884032779	53.0	300.8731375713931	301	45.45454545454545	0.032216
688B14_S140_L001_R1_001	91.84820596458528	52.0	300.9480428704567	301	45.45454545454545	0.034336
688B14_S140_L001_R2_001	89.11055452003728	53.0	300.87386416589004	301	45.45454545454545	0.034336
692A0_S157_L001_R1_001	92.03012149375735	51.0	300.925368120486	301	36.36363636363637	0.035722
692A0_S157_L001_R2_001	88.85560718884722	53.0	300.84463355915125	301	45.45454545454545	0.035722
692A14_S158_L001_R1_001	91.71082949308756	52.0	300.9417626728111	301	36.36363636363637	0.03472
692A14_S158_L001_R2_001	88.88536866359448	53.0	300.87298387096774	301	45.45454545454545	0.03472
692B0_S159_L001_R1_001	91.64493237095894	52.0	300.9064414387093	301	45.45454545454545	0.032973999999999996
692B0_S159_L001_R2_001	88.70625341177897	53.0	300.8513980712076	301	45.45454545454545	0.032973999999999996
692B14_S160_L001_R1_001	91.74010713668568	51.0	300.4812683601175	300	45.45454545454545	0.028935
692B14_S160_L001_R2_001	88.00760324866079	53.0	300.421340936582	300	45.45454545454545	0.028935
722A0_S149_L001_R1_001	91.38529139685477	52.0	300.8572791396855	301	45.45454545454545	0.034592
722A0_S149_L001_R2_001	89.45709990749306	53.0	300.8827763644773	301	45.45454545454545	0.034592
722A14_S150_L001_R1_001	91.65820642978004	54.0	300.8976649746193	301	45.45454545454545	0.02955
722A14_S150_L001_R2_001	89.76649746192894	55.0	300.87478849407785	301	45.45454545454545	0.02955
722B0_S151_L001_R1_001	92.17354827110924	54.0	300.88074549050157	301	45.45454545454545	0.033374
722B0_S151_L001_R2_001	89.96524240426679	55.0	300.8744831305807	301	45.45454545454545	0.033374
722B14_S152_L001_R1_001	90.87758564672755	54.0	300.9019529980867	301	45.45454545454545	0.027701
722B14_S152_L001_R2_001	88.56358976210245	54.0	300.8745171654453	301	45.45454545454545	0.027701
727A0_S161_L001_R1_001	91.95673232160155	53.0	300.91212463674526	301	45.45454545454545	0.030969999999999998
727A0_S161_L001_R2_001	89.16693574426864	53.0	300.75114627058446	301	45.45454545454545	0.030969999999999998
727A14_S162_L001_R1_001	91.84161297027644	53.0	300.93192683433796	301	45.45454545454545	0.028866
727A14_S162_L001_R2_001	89.35772188734151	54.0	300.84878403658286	301	45.45454545454545	0.028866
727B0_S163_L001_R1_001	92.17023277686339	54.0	300.8922084411004	301	45.45454545454545	0.034024
727B0_S163_L001_R2_001	89.87185516106278	55.0	300.76268222431224	301	45.45454545454545	0.034024
727B14_S164_L001_R1_001	92.01240564105565	53.0	300.93820586342093	301	45.45454545454545	0.034178
727B14_S164_L001_R2_001	89.04851073790158	53.0	300.8339282579437	301	45.45454545454545	0.034178
